# PROYECTOS_COMPLETADOS HORAS_TRABAJADAS
7 1802
4 1995
13 2157
15 1726
11 1735
8 1954
13 1512
5 1709
7 1896
10 1599
3 1530
7 2027
11 2148
11 1828
8 1665
5 1958
4 1599
8 2120
8 1672
3 1661
6 1762
5 1773
2 1502
8 1527
12 1825
14 1648
6 2039
2 1987
12 1937
5 1564
1 1855
12 2032
10 1751
6 1734
13 1726
12 2024
9 1812
1 1548
11 1617
11 1553
15 2149
10 2064
12 1543
12 1552
15 2085
14 2057
14 2024
15 2176
14 1601
3 1897
12 1637
7 2174
4 1886
9 1610
3 2113
5 1516
3 1681
7 2035
5 2040
9 1670
7 1908
2 1877
4 1687
9 1729
12 1618
14 1655
2 2186
10 1964
9 1603
10 2103
5 2197
2 2001
4 2192
12 2181
15 2198
12 1674
7 2173
12 1920
13 1633
8 1890
15 2000
3 2164
14 1532
1 1554
4 2018
2 2137
8 1511
4 2027
2 2054
14 1872
6 1983
6 2146
10 1727
4 2122
6 1806
13 1956
15 1659
2 1830
10 1724
12 2003
2 1955
10 1544
14 1713
4 1558
14 2143
15 2115
15 1694
8 1988
14 1656
7 2109
12 1725
9 1911
14 1704
8 1578
5 1623
13 1970
2 1717
15 2015
5 2101
8 1603
10 1892
9 2130
12 2144
12 2107
12 1933
13 1830
9 1642
13 2039
15 1777
13 1732
1 2028
9 2070
7 1589
9 1991
8 1698
1 1861
12 1940
8 1525
8 1524
15 1893
11 2006
3 1800
1 1838
8 1766
3 1960
3 2192
1 1955
11 1859
5 1567
10 1911
7 1990
10 1548
9 2186
12 2063
7 1601
9 1715
8 1937
12 2199
2 2068
1 2058
7 1658
7 1988
14 2185
8 1741
5 1504
3 2095
12 1860
8 1958
6 1747
11 2065
3 2172
1 1921
3 1514
5 2072
15 1621
14 1776
3 2057
1 1952
5 1889
10 1793
7 2073
15 2097
14 1945
7 1709
11 2089
9 1801
15 1722
15 1502
10 2017
10 1592
12 2019
13 1927
3 1992
15 1734
7 2119
1 1660
4 1830
13 1832
4 1549
14 2022
5 2167
7 1991
7 2081
13 2180
15 1771
11 2079
13 1751
4 2059
13 2195
7 2198
11 1589
3 1945
6 1831
12 1638
2 1856
10 2100
13 1773
14 1518
9 1810
5 1653
6 1889
12 1759
12 2119
12 2070
12 1624
4 1853
14 1772
14 2118
11 1744
10 1949
7 1746
12 2019
9 1640
7 1861
14 1507
1 1977
1 1851
9 1994
11 2105
14 1926
9 1538
4 2092
13 1686
9 2095
3 2099
7 1592
6 1585
8 1543
11 1636
9 1920
14 1573
5 2047
1 2112
3 2011
10 1655
12 1754
8 1670
15 1669
11 1821
6 2066
8 1955
9 2102
4 2112
1 1654
14 1848
1 1950
10 2152
4 1672
12 1509
14 1764
7 1937
2 1746
3 2166
1 2045
5 1998
1 1628
8 2171
1 2100
11 2104
1 1826
2 1903
2 2128
12 2105
6 2174
7 2110
5 2124
1 1858
1 2102
3 1516
14 1773
2 2184
5 1615
12 2192
10 1590
6 1581
7 1823
4 1613
7 1557
11 1653
8 1903
11 2127
1 1765
15 1814
6 1540
8 1604
5 1692
4 1900
2 1777
6 1853
6 2079
11 1755
15 2150
1 2160
9 1598
12 2087
11 1781
6 1902
13 1608
3 2199
4 1698
12 1802
11 1826
4 1653
3 2051
10 2144
3 1904
15 1961
3 1631
4 1583
7 1898
4 2127
9 1608
1 1720
8 2052
7 1867
2 1646
8 1611
1 2114
11 2057
12 1993
9 2004
9 1974
2 1770
7 1920
15 1866
14 1779
10 1782
3 1539
7 1688
12 1663
10 2035
9 2035
4 1503
12 1789
1 1932
2 1970
1 1680
14 1747
12 2127
5 1778
5 2080
11 1753
7 1680
9 2180
9 2008
3 2199
3 2065
3 1825
4 1856
8 2149
6 2179
8 1890
1 2114
8 1584
4 1816
11 1711
1 2014
8 1883
4 2190
6 1841
8 1537
4 2010
14 1919
3 1668
14 1842
9 1805
3 2041
9 2036
13 1611
2 1910
14 1705
2 1684
2 1881
6 1995
3 1878
13 1546
9 2050
4 2027
1 2003
4 1521
1 1712
14 1809
5 2160
4 1771
8 2070
8 1701
7 1531
3 1942
1 1661
1 1753
12 2020
11 2150
3 1979
6 1509
7 2004
6 2059
14 1935
14 1610
6 1652
6 2134
13 1601
3 1690
6 2062
8 1580
11 1988
11 1587
2 1693
5 1603
14 1595
1 1922
12 1697
15 1500
1 1906
5 1877
12 1666
13 2008
3 2137
4 1812
3 2092
1 1917
1 2180
12 1976
12 1572
14 1640
13 2081
14 1761
5 1839
6 1807
3 1744
12 2014
9 1836
5 2074
8 2060
13 1575
1 1674
14 1608
5 1682
15 1691
3 1564
12 1973
1 1599
4 2043
15 1627
13 1951
5 1868
7 1542
1 1918
3 1987
2 1577
9 1769
10 2173
15 2200
6 1814
10 1667
3 1838
8 1692
14 1952
8 1782
2 1835
15 1889
6 2024
7 1739
2 1982
15 2158
11 2091
10 2054
2 1957
10 1588
1 2159
8 1594
1 1951
9 1927
11 1650
6 2013
7 1875
13 1521
10 1812
7 2018
10 1705
3 1874
2 1950
9 2125
8 2094
13 1678
12 1709
10 1999
7 1963
9 1623
4 1612
13 1511
4 1625
1 2064
8 1830
14 1782
14 1639
12 1900
3 1596
7 2016
15 2068
12 1568
2 1617
2 1558
7 1532
15 1817
6 1549
3 1988
9 1518
10 1696
15 1949
14 2058
13 2178
6 1951
10 1788
10 1640
6 1583
1 2193
4 1890
10 2090
6 1714
15 2025
6 1714
11 1902
12 1627
5 1976
1 1903
8 1528
5 1837
12 1860
12 2068
12 1891
5 1717
7 2073
4 2168
6 1701
13 1516
4 1821
14 2017
15 2069
3 1824
7 1911
8 1817
4 2180
13 1581
2 1973
12 1967
10 1924
14 2188
3 1703
1 2082
8 1886
15 1597
3 1844
12 1707
10 2013
7 2135
10 2085
5 1665
10 1521
5 1653
14 1938
7 1794
15 1718
9 2168
12 1994
5 1729
1 1519
10 2052
10 1647
1 1607
15 1902
2 2095
14 1982
6 1866
9 1913
8 1808
13 1633
5 1782
1 1572
13 1980
7 1851
15 2059
5 1825
6 1942
13 1599
7 1558
3 2007
12 1757
10 1912
3 1951
5 1564
6 2094
9 1653
13 1765
14 1578
12 1814
5 2161
15 2059
1 1747
14 2109
14 1913
14 1524
4 1783
5 1948
12 1800
10 1567
10 1506
5 1636
7 1663
4 1582
1 2149
14 1919
14 1572
5 1736
7 1545
10 2117
10 1761
6 1675
5 1665
4 2156
2 1869
4 1553
15 2189
10 1918
10 2006
3 1840
10 1626
1 1908
8 1866
5 1770
13 2143
4 2104
8 1878
7 1572
2 1747
1 1542
12 1876
11 1540
4 1669
8 1711
12 1992
2 2179
3 1538
12 1868
1 1650
1 1610
13 1979
3 1935
11 1546
5 2074
12 1865
3 1568
1 1798
1 1795
8 1702
10 1560
11 1813
12 1660
13 1830
13 2027
12 1837
15 2105
14 1803
2 2002
13 2149
3 1837
2 2049
3 2138
7 1774
1 1663
10 1942
8 1818
13 2088
10 2003
10 2185
10 1886
14 2102
2 2190
3 1993
9 1989
7 1572
4 2008
10 1889
5 2118
2 1794
13 1868
11 2193
13 2048
8 2148
4 2067
9 1686
5 1944
13 2069
9 1862
4 1622
10 1687
5 2179
9 1919
8 2125
3 1751
1 2118
3 2048
4 1834
2 1591
1 2029
7 1562
8 2161
7 2011
14 1638
5 2197
12 1684
1 1704
7 1713
13 1755
7 1634
9 2072
3 1587
9 1706
14 1628
1 1502
1 1620
14 1884
4 2113
9 1537
6 1840
13 2144
11 1520
3 1741
1 1954
4 2120
12 1802
13 2095
9 2094
3 1568
12 1628
9 1695
7 1639
12 1943
14 1782
15 1811
4 2034
3 2164
10 1776
15 1560
5 1818
5 1551
3 1652
12 1810
9 2043
4 2066
11 1888
5 2047
4 2121
5 1676
7 1861
9 1813
7 1596
13 1712
5 1636
10 1505
10 1608
7 2046
14 1538
15 2161
10 1924
5 2129
3 1760
7 1925
13 1586
11 1964
11 1575
2 1970
15 1913
12 1956
9 1784
10 1738
10 2176
12 2098
1 2152
13 2171
6 2057
7 1871
14 1994
13 2123
8 1544
10 1900
9 1746
2 2115
11 2096
10 1949
2 1984
5 2145
13 2119
5 1517
6 2105
3 2161
8 1788
13 1913
1 2137
6 1734
4 1915
1 1998
15 2133
7 2149
9 1614
13 2173
4 1733
4 2039
6 1510
12 1705
15 2178
3 1746
13 2058
12 1626
6 1646
7 1617
11 1881
10 1911
10 2163
3 2083
7 1862
14 2008
3 1636
13 1674
13 1788
2 1980
12 1518
14 1694
10 1829
4 1674
12 1948
8 1853
13 1998
15 1640
9 1592
7 1738
1 1704
3 2059
13 1932
12 1744
14 1816
9 1794
15 2139
12 1781
1 1516
9 1570
8 1768
1 1824
6 1804
5 1950
6 1506
10 1813
12 1602
13 1692
13 2073
13 2028
15 1670
5 2036
6 1750
5 1886
11 1706
12 2040
5 2128
4 1915
3 1879
3 1643
4 1524
9 2167
2 1572
15 2131
9 1592
1 2004
14 2097
15 1835
15 1924
1 1998
5 1863
6 2129
6 1698
3 1912
7 1838
9 2158
11 1928
12 1638
10 2192
8 2041
6 1556
12 1731
8 2157
12 1934
5 1883
8 2059
10 1693
12 2147
4 2033
10 2017
8 1684
10 1791
12 1834
2 1615
12 1548
12 2184
5 1581
9 1832
4 2056
11 1834
6 2031
15 1720
1 2134
9 1822
1 1502
5 2193
4 1705
13 1539
12 1558
13 2073
13 2143
14 2006
3 2071
13 1621
6 1978
2 2118
3 1595
5 1913
15 1734
9 1561
2 1755
10 2060
8 1847
14 2170
2 1623
11 1981
13 1816
5 2003
7 1547
8 1908
1 1635
6 1700
1 1749
2 1813
15 1867
1 1928
11 1979
5 1813
10 1999
15 1854
9 1984
6 1710
11 1543
11 2040
1 2070
13 2082
1 1591
2 1764
9 1719
3 1941
15 1900
1 1899
5 2075
7 1989
6 1984
12 1969
1 2073
5 2181
15 1944
5 1768
6 1766
3 1553
5 2027
7 2019
5 2115
5 1558
5 1539
10 1736
10 1885
3 2105
1 2149
5 1799
14 1894
9 1706
14 1835
1 2092
3 2013
13 1677
13 1895
4 1870
14 2157
1 1817
1 1868
8 1883
2 1561
12 2004
15 1738
8 1694
7 2177
10 1721
10 1560
2 1628
6 2184
6 1655
3 1877
11 2121
2 2085
12 1936
1 1706
6 1887
12 1979
5 1839
14 1839
14 1703
11 1660
9 2039
1 1891
15 2176
15 2074
7 2033
15 1569
5 1904
5 2107
14 2174
2 2090
11 2016
3 1619
7 2189
6 2187
12 1716
2 1555
6 1865
2 2198
2 2003
2 1954
14 1603
15 1576
11 1729
3 1757
15 1763
2 1830
4 1681
9 2049
6 2187
1 1526
8 1775
15 2151
12 1798
14 1590
7 1979
10 2072
3 1957
1 1950
5 1864
13 2174
4 1850
10 2154
8 1899
1 1752
10 1958
1 2198
12 1998
4 2007
8 1803
5 2000
2 2097
6 1665
5 1914
2 1961
13 1613
14 1932
11 1855
11 2194
11 1706
3 1734
15 1941
9 1854
7 2014
7 1707
15 1624
11 1637
6 1838
8 2036
4 1567
8 2072
4 2040
8 1882
9 1518
3 2182
3 1949
11 1573
13 2072
2 2164
13 1775
10 1547
3 1710
3 2150
5 2121
5 2194
2 2039
12 1690
10 1814
13 2062
6 2160
5 2061
6 1612
1 1669
5 1967
9 2177
12 1513
10 1787
14 1688
2 1654
1 2066
14 2193
10 1970
13 1574
11 1776
9 2144
10 1842
9 1924
15 2070
9 2010
6 1681
15 1957
8 1563
14 1759
11 1692
15 2154
13 2115
1 1905
10 1592
4 1929
1 2153
8 1933
1 1903
3 1933
13 1611
4 1874
15 1558
15 1542
15 1706
8 1795
6 1617
14 2031
10 1721
12 1665
7 2142
14 1655
8 1683
2 1589
13 1593
10 1512
14 1937
11 2037
8 2086
3 1649
7 2159
3 1507
15 1528
7 1795
14 2139
11 1839
15 2127
12 1938
13 1643
2 2018
10 1544
6 1738
3 1654
3 1680
15 1714
9 1587
7 1755
5 2010
12 1572
10 1678
7 1711
9 1733
1 1964
7 1722
6 2130
10 1763
14 1706
12 2106
9 1865
1 1775
13 1879
4 1808
9 2130
4 1767
10 1563
3 1849
9 1993
13 2022
2 1597
15 1570
4 1863
15 2069
6 1775
2 1549
15 1857
8 2063
8 1984
1 1583
12 2137
3 2083
10 1795
9 1735
5 1555
6 1859
4 1609
10 1691
2 1592
11 2067
8 1559
11 2149
13 1538
6 2039
5 1548
9 1919
1 2136
5 1512
6 1535
5 1600
6 1585
6 2015
7 1722
4 1837
14 1665
11 1882
14 1875
14 1970
14 2141
15 1530
8 1874
7 1510
9 1801
7 1595
3 1689
3 1952
15 1691
8 1985
5 1765
4 1923
8 1627
15 1737
6 1854
2 1611
4 1945
12 1842
11 1644
4 1564
15 1746
6 1989
6 1938
1 1605
14 1680
8 1683
6 1725
3 1588
14 2187
9 2029
2 1870
15 1898
11 1605
8 1770
10 2002
3 2178
13 2024
12 1531
5 1892
6 1539
10 2159
6 1717
4 1581
3 1700
4 1946
1 1927
4 1537
1 1710
12 1943
15 1826
1 1726
10 1547
14 1517
6 1938
5 1686
14 1844
11 1723
15 1987
4 1728
13 1889
11 2088
3 1687
1 1769
6 2106
2 1809
8 1631
10 2050
5 1571
7 2171
10 1686
12 1985
2 1690
13 1921
8 1619
2 1719
4 1552
1 1950
15 1911
5 2142
9 1736
1 1905
9 2107
11 1921
15 1746
8 1571
6 1684
7 1505
3 1705
14 2043
15 2110
1 1886
5 2198
14 1575
12 1676
12 1848
2 1754
14 1807
5 1844
8 1626
11 1786
9 2095
2 1986
12 1882
3 1905
3 1887
1 2024
8 2056
6 2138
12 2125
13 1775
8 1999
11 1836
9 1980
5 1772
14 1557
12 1827
14 1608
3 1778
5 2185
5 1827
5 1814
3 1973
11 1610
14 2198
10 1728
14 1996
4 1655
9 1972
13 2200
10 1771
9 1501
2 2010
8 1785
8 1512
7 2107
8 1997
14 1737
3 1593
13 1837
6 1670
1 2105
7 2160
15 2123
15 2066
1 1966
9 2127
1 1642
1 1700
15 1679
7 1863
2 1978
14 2064
5 1970
8 1883
8 2191
3 1916
7 1807
3 2148
6 2193
6 1866
3 1500
7 1543
3 1597
8 1764
10 1639
4 1980
15 1736
15 1571
13 2166
1 1689
4 1767
14 1820
7 1606
11 1731
4 1541
13 1638
6 2114
9 2182
1 1772
13 1980
5 1915
11 2005
7 1923
1 1906
14 2067
4 1889
6 1841
2 2113
10 1992
5 1691
11 1998
10 1732
1 1726
6 1870
6 1638
13 1648
15 1614
15 1949
4 1562
13 1603
8 2167
4 1772
8 1505
15 1646
13 1683
8 1527
5 2049
13 1618
15 1792
4 1870
12 1743
13 2079
2 1717
11 1676
15 1798
3 2175
3 1557
4 1768
4 1807
10 2069
11 1787
11 1604
5 1727
4 1746
11 2199
14 1993
10 1582
8 1685
6 1751
6 1854
8 2195
7 1709
15 2108
10 1946
14 1959
11 1971
12 1869
10 1991
13 1636
8 1866
14 1683
2 2087
9 1786
1 1971
15 1874
8 2153
12 2036
11 2010
12 2078
12 1749
4 2009
4 2129
5 1572
8 1781
5 1859
8 1509
15 1710
10 1651
1 1504
12 1694
15 1782
10 1963
9 1612
6 1770
3 1662
13 1959
14 1604
8 2192
9 2055
6 1781
11 2186
7 1661
1 1850
14 1933
5 1639
5 1970
10 1631
14 1586
4 2187
6 1682
7 1867
9 1628
1 1745
15 2100
6 2077
7 2169
3 1877
8 1648
15 1932
5 2127
15 1968
9 1945
5 1980
9 1793
10 1642
4 1749
9 1801
5 1524
10 1569
9 2124
3 1611
15 1863
4 1802
9 1970
10 1590
11 2029
6 2160
2 2162
7 1691
2 2051
11 1741
2 1637
11 1844
1 1679
11 2002
11 1702
12 2072
11 1691
3 1504
6 1736
8 2192
9 1810
7 2048
4 1555
6 1942
5 1736
8 1696
1 2084
1 2070
13 2013
15 1948
11 1859
6 2199
10 1529
12 1607
2 2101
5 1944
1 1937
7 2105
1 1956
4 2114
9 2197
1 2195
4 1994
6 2173
6 1746
12 2042
15 2063
13 2087
8 1938
1 1777
7 2051
1 2112
13 1610
14 1884
7 1690
3 1989
11 2193
8 1925
3 1904
14 1834
14 1708
13 1521
1 2177
13 2110
13 1707
14 1507
8 2186
3 2028
2 2101
1 2152
14 2156
3 1665
15 1995
2 2089
2 1928
6 1662
12 1865
1 2025
2 1738
14 1571
6 1944
3 2154
15 2008
4 1768
1 1914
8 1744
13 2174
7 1559
7 1505
3 2069
10 1906
10 1716
3 1525
14 1504
2 2031
12 1889
1 2070
7 1947
7 1645
12 1887
2 1748
7 2025
13 1961
8 1512
1 1883
9 2055
7 1898
3 1518
8 2074
7 1990
11 1918
15 1836
13 1918
8 2111
6 2174
9 1621
15 1931
5 1543
3 1816
3 1880
1 1644
12 1826
15 1862
8 1549
2 1564
3 1854
8 1663
14 1640
8 1627
14 1897
11 1962
4 1686
4 1689
5 1887
6 1928
5 1783
14 1736
15 1693
7 1786
2 1635
7 1670
10 1658
7 1700
1 1986
7 2056
5 2082
3 2003
13 1870
3 1602
4 1624
13 1812
12 1957
2 1729
2 2157
1 1696
15 1922
5 2071
4 2109
11 1670
10 1881
15 1672
2 2162
3 1952
7 1849
7 2133
12 1993
4 2119
5 1503
5 1592
6 1505
14 1787
9 2117
2 1645
5 1923
12 2107
3 1956
4 1701
10 1711
6 1505
12 2123
8 1875
1 1946
10 1605
14 2150
8 1900
11 1595
14 1887
7 1951
1 1915
2 2003
3 1953
1 1790
14 2033
9 1692
8 1649
2 2014
13 1892
9 1815
7 1575
9 2098
6 1769
6 1724
11 2029
14 1612
4 1750
10 1732
10 1582
13 1624
13 1674
2 1568
7 1546
5 1755
11 1529
6 1780
2 1736
5 1747
10 1867
4 1994
9 1524
6 2085
2 1989
1 1993
5 1813
9 2105
6 1874
10 2138
12 1524
7 1833
5 1854
10 1615
6 1547
5 1598
11 1958
9 2022
15 2096
6 1904
11 1713
8 2184
2 2002
12 1947
13 2075
9 1757
5 1620
7 1553
10 1830
13 1740
1 2029
10 1982
5 1686
12 2155
14 1761
10 1863
14 1990
2 1930
12 1738
6 1803
11 1797
1 1575
3 2199
5 1832
4 2141
3 1973
10 1782
13 2090
5 1571
11 1762
8 2074
11 1511
4 1640
1 2054
11 1516
7 1562
8 1752
3 1964
6 1875
2 2019
7 1589
15 2129
8 1674
6 1575
6 2112
5 2162
8 1899
1 1570
10 1679
4 1623
15 1880
4 1792
3 1694
3 1727
4 1930
11 1935
1 1960
14 2117
11 1520
13 1563
11 1664
2 1526
9 1810
10 1784
2 2159
5 1780
9 1663
9 1723
8 1645
1 1529
1 1544
9 1970
13 1533
11 2152
8 1926
10 1720
9 2033
7 2191
3 1866
3 2049
2 2081
5 1615
12 1738
12 1834
3 1940
14 1647
6 1508
2 1787
12 1887
3 1549
5 2016
12 2137
11 2086
11 2176
1 1777
13 1799
1 2088
10 2148
9 2117
7 2106
1 1634
15 2079
12 1646
14 1989
8 1977
3 1658
8 1883
15 1662
5 1940
1 1688
7 1914
5 1838
6 2106
6 1680
8 1787
9 1686
2 1637
9 1629
12 1693
15 1815
11 1643
10 1515
9 1801
13 1922
10 1744
15 1606
10 1587
7 1628
1 1840
7 1503
10 1826
5 1909
6 1805
10 2106
7 1724
14 1847
15 1820
5 2058
7 1680
9 2117
3 1885
8 2117
2 1607
11 2030
7 1909
13 1795
2 1670
15 1830
14 1992
4 1694
7 1511
3 1694
2 1989
11 1681
10 2155
7 1815
1 2193
14 1529
15 2095
8 2177
3 1595
12 1880
12 1943
13 1797
2 1860
3 1873
5 2053
11 1802
8 1920
10 1745
7 1736
7 2033
12 1684
7 1967
15 1862
8 1782
1 2052
4 1835
13 1661
6 1659
9 1973
13 2100
2 1821
1 1511
13 1923
10 1572
12 2087
14 1700
2 2021
7 2004
3 2187
10 1538
2 1559
14 2077
11 1820
7 1934
13 2135
13 2175
2 1907
3 1885
11 2170
7 2068
14 1577
4 1693
13 1784
14 2026
1 2023
13 2112
14 1655
5 1839
12 1624
9 1779
8 2121
12 2157
15 2173
9 1627
10 1813
14 1831
9 1649
15 1953
7 1535
4 2184
5 1919
1 1521
14 1705
1 2138
3 1855
13 1939
14 1595
8 1663
14 1647
2 2029
4 1793
2 1694
14 2162
5 1979
9 1622
1 1899
5 2198
14 1951
15 2160
9 1603
15 1961
1 1895
9 1836
8 2098
4 1641
12 1816
11 2057
10 2026
5 2055
13 1900
5 2180
11 1809
12 1994
6 2055
7 2109
8 1608
15 1871
14 2115
8 1705
11 1542
14 1744
13 1786
2 1854
9 1975
7 1582
4 1609
4 1689
11 1750
8 1790
4 2144
13 1700
15 1825
6 2010
5 1908
3 2106
13 2007
14 2100
10 1571
11 1746
2 2140
9 2107
10 2086
9 2065
1 1843
10 1553
3 2027
8 2110
6 2031
5 2057
5 1692
6 1557
15 1936
7 1610
1 1628
9 1825
3 1507
4 1528
10 1611
1 2172
13 1630
11 1687
10 2174
3 1974
2 1863
2 1703
14 1711
1 2120
8 1775
3 1572
3 2178
6 1742
13 1601
8 2184
13 1670
15 2152
9 1687
9 1940
4 1585
14 1975
5 1551
2 1610
11 1542
9 1710
8 1699
3 2126
11 1525
12 1798
13 1576
9 1636
3 1519
9 1939
2 1710
12 2050
10 1934
9 1706
15 1938
8 2165
9 1541
5 1910
11 2022
11 2109
2 1926
8 1774
12 1947
15 1868
6 1719
8 2076
11 1731
5 1827
10 1942
2 1551
6 1875
5 1762
12 1766
13 1858
12 1816
5 1823
13 2165
1 2151
2 2062
8 2128
13 1920
14 1545
13 2099
3 1768
10 2100
3 1880
8 1617
8 2065
2 1615
8 2129
11 1759
13 1574
13 1979
1 1804
6 1506
8 1865
3 2133
8 2022
12 1847
1 1937
11 1714
11 1928
9 1997
13 2039
11 1866
13 1812
9 2037
5 1553
10 2040
4 1966
15 1663
11 1833
6 2046
12 1847
7 1772
5 1913
11 1999
13 1592
10 2184
9 1578
3 2121
15 1716
7 1857
10 2117
10 2006
11 2058
5 1680
14 2075
7 1745
15 1743
2 2005
4 1921
2 1819
14 1586
13 1716
13 1989
12 2018
7 1777
2 1668
13 1829
14 2149
11 1940
1 1890
9 1995
1 1880
8 1805
15 2172
2 2012
12 1687
8 2015
13 2143
3 1926
6 2001
3 1759
14 2012
7 1570
10 1977
9 1677
2 1956
15 1688
12 1790
12 2019
15 1791
14 2134
5 1782
13 2043
6 1876
4 2157
4 1655
4 2007
2 1912
4 2027
11 1854
1 2058
12 1686
6 1530
1 1759
10 1920
6 2028
1 2050
6 1803
10 1538
8 1988
11 2143
2 2041
2 2169
14 1777
15 1702
13 1565
12 1607
4 1767
11 1721
3 2029
4 1589
13 2192
12 1754
7 1954
13 1752
11 1756
1 1882
6 1941
15 2098
15 1589
3 1889
11 2081
10 1543
7 2163
10 2097
2 1518
14 1600
2 2106
13 1856
4 2041
1 1532
3 1728
13 2023
9 2129
7 1654
15 1922
7 1745
13 1904
13 2040
11 1660
4 1616
2 1770
15 2191
14 1986
4 1671
6 1773
11 1758
11 1634
3 2182
1 1921
14 1920
12 1685
8 1863
12 2106
13 1877
5 2022
15 2079
5 1695
11 1597
4 2104
6 1521
3 1949
9 1671
5 1882
3 1633
11 1925
1 1524
10 2002
12 1684
6 1584
15 2066
2 1643
13 2178
3 1911
1 1723
9 1719
8 1678
12 2130
2 1932
15 1764
12 1928
11 2161
8 1915
12 1952
14 1696
9 2053
1 1552
13 1979
5 1942
8 1829
15 1750
11 1622
14 1886
2 1838
4 1847
7 1528
3 1534
13 2017
12 1895
5 2122
8 1793
12 2088
10 1848
3 1646
4 1566
14 2019
15 1621
9 1839
14 1674
14 2190
7 2096
1 1950
14 2056
12 1635
4 1515
4 1832
9 1694
6 1995
9 1508
12 1833
15 1832
6 1826
6 1514
5 2113
5 1725
2 1924
8 1907
8 1612
11 1927
13 1500
1 1765
8 1990
5 1707
2 2121
14 1868
2 1805
14 1511
15 1844
15 1964
6 2199
11 2165
13 1993
9 1867
1 1919
12 1670
6 1633
9 1926
8 1524
11 2029
6 1689
3 1640
8 2054
9 2157
1 1814
12 1943
9 1818
14 1940
15 1591
6 1678
6 1555
12 1654
4 2171
1 1610
10 1636
8 1731
2 1967
12 1980
1 1567
2 1748
1 1822
1 2017
9 1931
13 1986
14 2105
1 1928
13 1768
4 2036
10 1647
6 1617
7 1866
2 1565
6 1869
7 1674
10 2087
14 1994
10 1613
2 1610
15 1938
2 1646
10 1534
7 1808
12 2037
1 1513
8 1873
11 2056
13 1927
3 1732
11 2062
6 2162
9 1939
6 2001
9 1774
7 1575
15 1938
9 2198
2 1788
12 2039
8 2191
8 1752
2 1625
12 1676
14 1536
4 1909
14 2110
15 2109
11 1626
15 1982
7 1667
11 2091
4 1793
4 2137
6 1842
10 1809
6 2161
10 2027
15 2039
3 1918
15 1943
9 2184
12 2057
10 1735
14 1938
11 1713
2 1584
6 1584
12 1988
7 1564
12 2145
13 2162
9 2126
13 1563
3 1842
10 1851
3 1657
7 2088
14 1990
4 2157
13 1962
8 1724
13 1812
7 2114
5 1965
7 1587
3 1802
12 2179
2 1934
6 2181
2 1634
3 1549
6 1931
5 1839
8 1846
9 2145
11 1846
3 2148
12 1744
10 1608
3 2032
3 1589
13 1795
13 1611
6 2088
15 1676
15 1842
1 2159
7 1600
12 2128
1 2103
14 1900
5 1527
15 2036
10 1557
13 1997
8 1796
4 1633
5 1830
4 1748
12 2049
12 1574
14 2153
4 1667
12 2002
8 1854
2 1724
1 2163
3 2030
9 1645
4 1740
10 1843
5 1534
2 1500
4 1652
2 1928
15 2007
2 1625
4 1990
6 1981
7 1844
10 1720
3 1524
3 2027
10 1681
6 1998
13 2140
12 1541
3 1980
13 1938
2 1901
8 2045
5 1844
15 1544
1 2145
3 1520
10 2133
8 1569
4 1547
14 1990
7 2050
10 1786
12 1509
14 2041
14 1773
2 2099
7 1880
5 1828
5 1978
6 1514
13 2015
9 1690
14 1667
6 2020
12 2120
13 1636
15 1653
14 1887
8 1708
7 1771
9 1642
4 2110
2 1568
7 1746
6 1760
1 1578
11 2157
9 2122
9 2104
12 2024
2 2120
3 1829
5 1688
5 1594
15 2116
1 1507
8 1566
12 1995
8 1690
4 1865
13 2020
7 1616
15 1766
15 2110
11 1984
10 2008
3 1797
6 1663
14 1875
10 2152
13 1767
10 2048
12 1573
14 2007
9 1572
1 1807
5 1698
4 1629
8 2071
11 2114
12 1986
1 1650
9 2168
6 1705
4 1678
12 1696
9 1588
11 1933
5 1682
15 1708
5 1992
12 1629
5 2164
1 1512
1 2133
8 1605
12 1874
8 2081
12 2197
15 1598
15 2093
6 2086
12 1691
11 1824
13 1966
4 1866
2 1817
14 1643
2 1883
9 1715
15 1860
5 1823
4 1514
10 1716
13 1991
1 2046
7 1682
3 1769
6 1966
5 2111
5 2018
11 2041
5 1966
1 1804
1 1643
3 1610
14 1731
12 2190
10 2083
4 2091
5 1999
2 2094
8 2053
11 1772
11 1672
14 1506
2 1654
9 2021
2 2045
13 2047
9 2017
7 1714
15 1633
8 1784
15 1625
11 1938
2 2185
7 1651
12 1830
6 2037
4 1882
7 1614
14 1981
13 1783
4 1574
2 1665
10 1688
12 1577
7 2101
8 2187
2 1520
5 2065
1 1683
7 1721
8 1827
13 1678
6 1611
5 1558
15 1826
6 2120
15 2168
2 1690
1 1699
7 1811
7 1534
10 1878
11 1886
10 1736
14 2115
2 2018
2 1782
1 1500
10 1963
8 1729
15 1671
8 1586
1 2052
12 1622
11 1797
8 2189
9 2074
14 1983
4 1664
1 2198
1 1882
3 1708
15 1931
14 1888
5 2059
5 1723
9 1502
10 1871
14 2186
12 1945
2 2110
2 1615
6 1769
15 1946
9 1867
1 1752
9 1816
9 1914
13 1594
9 1523
5 2127
13 2162
15 1549
9 2001
11 1997
4 1834
2 1578
13 2081
6 1526
14 1770
4 2061
6 1746
3 2090
6 1886
2 2058
2 1860
13 1987
9 1851
7 2200
3 1755
13 1721
11 1500
1 2045
8 1945
14 1578
6 1735
7 1833
9 1848
5 1597
15 1581
1 2001
12 1976
10 2049
7 1513
15 1891
5 1846
3 1809
12 1885
13 1708
9 1856
1 2100
1 2067
1 1593
3 1592
12 1839
6 2096
10 1944
11 1521
3 1790
8 1984
14 1805
14 2133
10 1627
2 2124
14 1772
9 1941
3 2002
5 1629
10 1631
8 2096
2 1981
6 1889
12 2092
5 1824
13 1568
10 2159
9 1947
12 2027
5 2116
2 1664
5 1987
15 1925
12 2196
4 1764
15 2111
11 1841
7 1777
6 2173
14 1938
2 1656
12 1921
11 1750
11 2108
13 2029
5 1826
7 1596
11 2012
7 1715
15 1631
5 1759
12 1624
15 1581
9 1782
4 2182
11 1558
3 2043
15 1660
4 1783
5 1605
13 1604
6 1938
3 1727
2 2199
14 2081
13 1817
4 1963
5 2098
4 1971
14 1555
11 2124
13 1512
15 1939
12 1517
3 2193
8 1612
10 1728
4 1670
14 1794
2 1688
2 1925
1 1578
13 2157
4 1681
10 1998
9 1570
14 1747
11 1645
7 2117
15 1795
12 2081
10 1969
7 2005
13 1692
15 1567
7 1993
15 1551
8 1862
1 1973
10 2020
13 1930
10 1797
8 1934
4 2195
4 2190
4 1697
6 1627
7 2031
6 1910
1 1564
12 2193
8 1740
13 1868
10 2035
15 1883
11 1930
13 1582
7 2196
6 2110
6 2073
5 1785
6 2033
12 1958
9 1711
10 1625
9 1912
15 1998
10 1924
8 2053
10 2109
9 2042
13 1657
10 1611
8 1901
8 1621
1 1772
10 1793
11 1897
5 1970
4 1706
2 1609
8 1939
3 1777
4 2067
12 2068
7 1981
10 1613
9 1976
2 1820
3 1678
4 1718
10 2027
1 1991
7 1560
2 1553
5 2179
15 2037
1 1564
3 2111
12 2085
2 1670
1 1772
7 2198
5 2034
1 1890
6 2192
5 1826
15 1607
3 1661
12 1951
7 1705
11 2089
10 1515
9 1826
14 2107
13 2158
13 1501
9 1509
14 1933
9 1624
2 1580
3 1984
7 2151
5 1649
2 1839
3 1628
10 1937
6 2000
13 1557
7 1697
9 1710
1 1544
11 1596
7 1778
8 2034
12 1909
14 1960
3 1890
4 1543
10 1526
6 1596
10 2047
7 2120
13 2066
14 1718
4 1684
8 1568
5 1629
1 2066
4 2108
3 2098
9 2130
8 1833
1 1653
11 2046
6 1578
9 2078
7 1912
4 2045
13 2108
1 1668
12 2180
2 2162
12 2082
5 2014
12 1813
11 1531
5 1786
8 2093
6 1542
8 2116
2 1500
3 2072
6 1769
12 1679
13 2017
10 1602
3 1509
6 2082
6 1589
2 1725
7 2169
12 1625
2 1708
6 1596
1 1573
3 2126
2 1690
7 2181
14 1555
4 2052
8 1531
6 2026
12 2073
10 2166
4 1783
5 1993
13 1686
13 1997
15 1941
15 1629
9 2138
7 1791
10 1613
14 1698
14 1512
9 1770
7 2100
12 1714
1 1943
12 2011
8 1946
4 1573
3 2036
14 1600
13 1675
7 1926
12 1616
3 1665
8 1540
6 1928
5 1843
4 1923
8 1865
8 1619
12 2108
1 2156
9 1728
14 1629
5 1851
4 1817
6 2148
6 1836
2 1772
8 1616
7 1867
1 1593
5 1667
12 1840
6 2160
4 2194
2 1651
13 2085
14 1773
4 2053
1 1995
7 1600
2 2056
13 1581
2 2028
9 1572
5 1513
2 1932
11 1656
9 1631
9 1837
1 1903
11 1875
3 2058
4 1606
14 2119
7 1764
10 1704
4 1578
2 1654
7 1746
6 2030
3 2037
6 1653
11 1653
15 2185
6 1591
12 1932
5 1837
4 1979
10 2192
12 1630
15 1949
1 1772
10 2087
6 1676
2 2195
13 2142
3 1548
14 2066
8 2165
10 1854
14 1807
14 2129
6 1545
3 1801
7 1907
4 1688
14 1628
9 2060
15 2036
5 1765
3 1617
2 1963
11 1643
2 1941
3 1699
2 1656
14 1986
4 1633
2 1647
10 1835
9 1570
2 1732
9 1833
13 2165
6 1589
1 1833
4 1698
15 1660
14 2037
1 1620
14 1800
6 2074
14 1935
13 1567
4 1958
3 2013
3 1897
9 2119
6 1785
9 2060
13 1639
5 2055
2 2089
8 2109
5 1781
2 2160
4 2077
9 1956
15 1586
4 1578
13 1704
12 1836
12 1753
12 1803
13 1879
15 1629
14 2095
4 1775
2 2198
13 2057
12 1682
15 1767
6 1821
13 2011
11 2111
14 1577
2 1838
12 2173
7 2055
3 2008
15 1737
3 1633
5 1691
3 1855
2 1777
10 1517
9 2023
2 1679
14 1622
11 1745
2 1872
13 1550
15 1570
8 1979
15 2059
9 1518
7 1583
3 1654
9 2064
3 2118
5 1856
9 2146
12 1942
14 1568
14 2022
3 1642
7 1691
12 1886
1 1877
4 2080
4 2034
7 2192
8 1792
1 1508
5 1770
7 1886
12 1592
4 2028
13 1653
4 1904
4 1648
12 1766
6 1921
7 2117
2 1971
15 2046
5 2130
4 2025
15 2002
14 1513
13 2151
3 1863
7 1618
11 1737
12 2045
6 1668
14 2021
7 2133
5 2156
13 2015
6 1896
5 1605
14 1584
7 1713
2 1620
14 1631
11 1696
5 1518
6 2141
6 1511
15 1580
5 1829
10 1891
7 2136
10 1806
8 1766
7 1946
5 1940
1 2151
13 1501
5 2019
10 2150
2 2135
13 1808
5 2021
5 1968
2 1711
5 1611
13 1507
4 1976
1 1959
3 1752
1 2025
12 1937
11 2160
15 1735
5 1805
4 1977
7 2178
5 1519
10 1715
14 1634
4 1628
2 1909
4 1921
12 1793
2 1745
8 2200
3 2055
9 1585
13 2055
4 1874
13 1945
6 1877
10 1889
5 2156
10 1550
13 1741
1 1793
9 2062
1 1765
8 1619
9 1747
9 1569
1 1556
2 1881
12 1538
13 1942
1 1517
10 1851
2 1797
10 1782
12 2085
8 1609
5 1679
12 2043
11 1524
7 1556
2 1679
8 1731
11 1842
6 1976
8 2075
1 1954
15 1731
1 1788
12 1712
7 1757
8 2029
13 2186
3 1728
5 1725
12 2095
1 1934
7 1901
5 2121
8 1587
13 2083
8 2041
9 2183
7 1808
11 1842
1 1935
13 1676
3 1638
8 1693
3 1685
8 1717
1 1663
5 1660
4 2024
5 2100
8 1541
10 1709
15 1774
14 1778
4 1750
11 1809
4 1639
15 2045
3 2029
7 1556
3 1611
12 1504
3 1909
11 1913
10 1681
5 1512
5 1838
14 1758
6 1589
8 2115
10 2197
6 1749
15 1754
12 2087
1 1607
15 2167
8 2093
8 2088
9 1984
9 1757
2 2138
15 1781
2 1587
3 1703
1 1515
4 1650
14 1753
4 1687
14 1828
9 2043
9 1896
9 2016
10 1958
7 1829
14 1668
15 2192
2 1865
10 1677
5 2154
4 1861
12 2138
11 1539
8 1915
2 1854
6 1754
13 1642
5 2076
15 1510
12 2119
2 1525
11 1920
10 2162
15 1720
1 1995
8 1736
2 1736
7 1718
9 1986
9 1960
8 2162
11 2134
14 1643
12 1688
10 1754
9 1567
2 2115
6 1835
4 2170
14 1908
4 1799
5 2101
12 1856
3 1755
14 1852
1 2020
8 2023
5 2193
3 1783
10 1811
14 1598
7 1696
7 1981
1 1725
12 2114
9 2117
15 1864
2 1867
5 2069
13 2089
14 1574
5 1541
14 1921
8 1680
14 2044
8 1570
14 2067
7 1604
7 1699
12 1600
11 1806
6 2085
6 2182
11 1876
9 2154
6 2177
12 1898
13 1720
13 2094
2 1681
2 1806
13 2021
5 1895
15 1503
4 1780
11 1714
2 2109
15 1919
15 1600
3 2020
7 2072
8 1808
12 2157
13 2009
6 1562
11 2132
5 1725
13 1604
1 1924
8 1754
3 1928
15 1933
6 1706
3 1527
7 2181
13 1835
14 2087
7 2127
12 1568
15 2012
9 1666
5 1867
15 1750
8 2185
10 1669
10 1589
8 2060
1 1945
12 1793
5 1649
3 1631
1 1932
4 1558
8 1698
3 1714
10 2060
2 1971
11 1746
9 1881
10 1738
5 1866
14 1667
7 2059
11 1550
11 2109
2 2188
9 1879
13 1973
9 1579
4 2196
4 1866
6 1960
10 2038
10 1951
10 1963
6 1977
12 1919
1 1713
14 1868
14 1613
9 2002
2 2135
5 2087
9 1810
4 1968
11 1543
3 1914
15 2197
7 1745
6 1583
8 1706
3 1650
5 2167
10 2027
4 1664
15 1644
13 1536
4 1832
4 1902
10 1913
8 1544
6 1901
3 1705
10 1561
5 1919
6 1967
5 1518
6 1864
8 1799
7 1506
5 1927
10 1616
6 2079
14 2006
4 2045
12 1824
9 1554
13 1541
4 1796
1 1730
7 1952
7 1893
4 2021
13 1857
14 1943
3 1627
8 2190
5 1904
10 1891
7 1692
4 2103
4 1577
8 1584
14 1529
8 1548
2 1644
14 1568
2 1557
3 2196
15 2073
12 1978
12 1944
3 1795
1 2177
15 1670
14 2074
3 1646
6 1983
8 1805
13 2172
12 2152
14 2108
10 1945
6 1720
5 2054
15 1877
4 2119
3 1765
13 1594
4 1761
14 1570
7 1718
1 2032
7 1591
1 1626
2 1579
15 1737
4 1871
1 1985
11 2193
12 1524
11 1655
15 2016
11 2131
9 2029
12 1556
6 2104
13 1518
1 1883
1 1692
6 1736
4 1886
4 1925
15 1776
11 1726
15 2051
6 1822
15 1652
14 2138
12 1736
11 1554
7 1935
9 2183
10 1608
5 1683
9 1867
4 1697
13 1870
10 1872
2 1996
3 2098
13 1700
11 2008
1 1821
14 1774
14 1710
6 2003
13 1617
6 2053
1 1541
11 1814
13 1828
3 1516
5 1782
3 1757
10 2074
3 2073
14 2111
10 1518
3 2028
5 1922
13 1965
5 1872
4 1580
1 2050
5 2047
10 1923
5 1928
4 1887
6 2169
10 1703
4 1695
14 1784
7 1695
7 1806
2 2163
3 1513
1 1645
8 1556
9 1709
4 2028
6 1843
9 2110
6 1778
14 1708
12 2140
12 1834
12 1787
9 1751
15 1764
4 1770
8 2199
9 1918
4 1710
5 1864
14 1575
8 2159
12 1820
10 1932
14 1608
6 2140
12 2021
7 1546
3 1878
7 1595
12 1602
14 1645
8 1526
10 2029
6 2178
15 1581
10 1927
9 2083
13 1978
6 1661
12 1901
9 2007
13 1537
4 2010
8 1892
11 1993
4 1699
2 1754
10 1678
11 2046
9 2093
5 1888
4 1897
2 1657
1 1503
11 1666
7 1967
6 1908
15 1911
15 1703
2 1693
8 1734
11 1649
4 1658
8 1778
15 1903
7 2177
5 1810
10 1567
10 1962
12 1587
8 1716
14 1500
9 1634
5 2196
10 1850
5 1639
2 2117
5 1632
3 2119
7 1677
10 1857
5 1879
8 2157
1 1949
3 2085
3 1962
9 1607
5 1621
12 1516
9 1695
13 1826
9 1817
1 1978
2 1751
5 2002
4 1618
15 2173
10 1997
9 1985
7 1544
6 1813
7 1678
1 1917
1 2055
8 1577
13 1825
13 2189
2 1856
12 1915
10 2014
11 1713
9 1573
7 2062
6 2078
1 2008
1 1831
2 1592
6 2187
14 2156
6 2018
2 1768
1 1875
10 1503
5 1637
5 1730
2 2099
6 2028
9 1551
2 2145
10 1824
2 1776
3 2035
13 1985
7 2015
6 1651
12 1982
8 1758
15 1823
8 1667
6 2187
12 1809
11 1978
10 1555
3 2119
3 1972
15 1795
1 1960
7 1823
5 1640
4 2166
10 1761
15 1919
4 1740
14 1854
4 2088
6 1679
15 1565
8 1847
8 1670
5 1973
15 2033
6 1866
4 1606
12 1938
14 1726
11 1943
13 1941
9 1895
8 2080
10 1583
12 2114
10 2050
1 1512
15 2192
2 1992
9 1767
8 2024
14 1619
3 1852
8 1556
12 1539
1 1835
10 2139
4 1672
3 2046
6 1758
7 2016
4 2022
7 1616
9 1683
11 1615
2 1661
11 2078
3 2042
5 2086
3 1736
11 1565
8 1569
12 1946
10 1915
8 2031
8 1940
12 1963
12 1895
9 2050
4 2156
5 2056
5 1894
8 1825
7 1590
9 1569
15 1665
15 2141
14 1713
8 2100
2 1834
10 1868
12 2083
4 2176
6 1548
12 1551
2 1788
7 2125
3 1738
13 1632
3 1665
11 1873
2 1872
11 1977
8 1978
6 2149
1 2090
12 2181
1 2134
7 2187
8 1799
5 1581
12 1586
11 1724
5 1515
4 1857
14 1662
6 2109
14 2167
6 2013
3 1849
9 2180
12 1963
11 1874
14 1591
7 1680
1 1800
15 2159
13 1688
7 1813
5 1992
5 1627
14 2018
13 1925
2 2058
4 2064
12 1686
6 2049
10 1952
15 1970
11 2064
7 1723
11 1653
5 2059
9 1850
3 1646
1 2075
4 1848
9 1681
4 2136
2 1678
10 1538
14 1502
14 1563
5 1528
3 1871
13 2022
12 1596
13 1941
9 1702
4 1910
6 1520
2 2050
6 1601
3 1545
12 1565
12 2102
9 1663
11 1610
2 1837
15 1622
12 1946
12 2110
9 1790
5 2170
8 1911
2 2114
6 1780
3 1542
12 1985
12 2095
14 1550
10 1709
5 1625
12 1991
8 2008
10 2080
14 1757
1 1687
5 1729
3 1688
4 1914
2 1509
9 1613
3 1575
15 2175
2 2001
10 1584
11 1548
9 1994
7 2188
6 1886
1 1888
5 1717
12 2200
11 1845
14 1729
15 1754
11 1735
3 1525
1 2083
4 1760
13 1770
2 1622
2 2155
3 1756
8 2155
8 1920
12 1758
15 1546
7 2024
6 1707
9 1810
4 1648
12 1937
1 1654
8 2177
7 1589
7 2197
15 1857
3 1673
4 1716
10 1955
9 2108
15 2128
6 1698
15 1985
15 2032
5 1699
3 1870
9 1947
5 1747
5 1763
14 1557
4 1801
14 1530
4 1997
12 1748
1 2104
7 1770
9 2105
3 2165
12 1893
13 2001
15 2091
2 1583
3 1864
1 2048
6 1841
11 1906
11 1924
7 1592
11 2113
11 1911
2 1931
8 2177
14 1658
6 1513
14 1872
4 1724
5 2004
8 1572
14 1748
3 2010
3 2102
14 1715
15 2101
14 2040
11 1719
4 1720
1 1888
9 2053
8 2146
8 1541
14 2175
10 1782
6 1557
7 2036
6 1572
9 1628
3 2098
14 1925
3 2164
3 2193
10 1624
3 1566
9 1505
12 2136
4 1813
13 1825
7 2064
14 2077
15 2005
9 1581
11 2098
12 1501
7 1703
9 2161
12 1903
3 1602
15 2035
4 1867
14 1711
8 2076
6 1708
5 1616
13 2127
4 1977
8 1604
1 1994
14 1545
9 1830
1 1715
8 1991
4 1948
9 2035
14 2010
11 1957
5 2046
3 2035
9 2039
11 1983
14 1515
14 2070
9 1742
4 1706
11 1770
4 1614
12 2079
8 1798
2 1982
9 1896
13 1893
14 1574
6 1981
9 1602
8 1796
15 1677
15 1714
7 1814
13 1538
14 1758
1 1506
14 1548
12 2037
3 1660
11 1675
14 2090
2 1501
5 1954
15 2143
5 1775
5 1997
4 2128
5 2175
3 1527
12 1832
1 1500
5 1687
13 1555
9 2046
13 1611
9 1809
4 1535
3 1938
1 2091
2 2094
8 2076
1 1824
8 2139
13 1806
7 2033
15 2118
8 1608
12 1871
6 1856
12 1680
14 1855
15 2175
15 1567
9 1791
3 2191
10 1680
4 1965
13 1933
6 1963
8 2180
5 2033
3 1565
6 1520
4 2111
9 1883
13 2114
3 2058
4 1538
7 1784
7 2101
12 2096
12 1835
4 1687
6 2170
12 1742
13 1572
3 1978
6 2060
12 1600
2 2013
8 1675
2 1737
11 1558
7 1598
9 1994
1 2013
8 1796
7 1710
6 1622
6 1728
6 2093
9 2155
2 1887
1 1639
13 2040
12 1890
6 1769
10 1511
11 1888
8 1836
3 2005
12 1605
10 1531
1 1573
9 1670
13 1568
13 1861
1 2148
3 1932
8 1599
14 2157
3 1508
13 2073
4 2196
8 1528
1 1613
13 1961
13 1642
6 1889
1 2131
14 2181
1 1656
14 1834
8 1759
11 1581
4 1940
12 1671
1 1730
10 1574
7 1769
5 2125
5 1561
1 1819
14 1601
10 1928
11 1754
6 2031
14 2069
9 1611
9 1812
8 1960
5 1961
1 1591
9 1551
1 2019
8 1597
5 1735
3 1873
11 2080
7 2056
7 2148
9 1733
7 1531
13 1788
11 2137
14 2078
3 2041
11 1613
13 1703
15 1528
14 2142
13 1973
1 2196
8 1752
12 1885
3 1561
12 2014
8 1929
8 2079
13 2036
5 2190
13 1640
12 1799
13 2174
1 1810
13 1970
10 1892
7 2141
12 1944
10 1671
5 2075
8 1530
9 1546
11 1629
14 1851
7 2121
14 2080
13 1557
15 1605
7 1829
1 2182
15 1882
4 1661
2 1785
2 1570
2 1953
4 2066
14 1896
1 2014
15 1525
4 1812
2 1625
5 1907
3 2064
15 1697
12 1687
8 2197
4 1983
1 1949
1 2022
12 1853
10 2157
3 2096
15 1599
9 2115
7 2057
2 2055
15 1777
13 2192
9 2198
10 2125
2 1990
3 1754
11 1880
13 2041
10 1763
14 2109
2 1828
3 1614
6 1775
9 1987
9 1780
7 1774
12 1827
3 1710
4 2051
6 1525
11 1526
5 1582
2 2181
13 1912
6 1666
3 2199
14 1668
8 1728
2 2108
1 1866
9 2027
14 2146
12 2037
3 2023
11 1571
1 2144
7 1605
13 2188
15 1781
10 1632
5 2033
5 1768
14 1911
1 2172
15 2118
15 1517
9 1616
7 1643
8 2050
9 2165
6 2187
12 1921
5 1868
6 2145
11 2057
2 1549
4 2177
3 1605
13 1715
7 2157
9 1924
5 1571
6 1945
10 1685
14 1569
12 1649
12 1745
2 2037
3 2151
3 1598
12 1777
12 2062
15 2162
9 1954
15 1603
7 2100
8 2152
11 1732
10 1893
11 2000
9 2194
6 1750
4 2020
12 1578
1 1551
8 1725
7 1550
2 1685
8 1533
12 1630
5 2131
7 1942
4 1931
5 1996
8 1902
1 1822
1 1709
15 2114
4 1828
3 1871
13 1959
10 1632
12 2150
2 1620
12 2105
3 1951
11 1628
15 1590
15 2103
11 2074
14 1528
11 2023
1 1832
1 1796
6 1629
5 1792
8 1672
2 1523
4 1598
8 1905
12 1855
6 1638
1 2002
15 1673
4 1528
1 1995
13 2154
2 1850
5 2053
14 1798
8 1691
8 2171
11 1563
3 2163
11 1714
13 1665
4 2042
10 1731
11 2040
14 1694
6 2005
11 1833
11 1803
10 1936
3 1822
2 2001
6 1892
11 2098
13 1648
15 1904
5 1782
14 1861
10 1878
5 1697
10 2055
13 1855
5 2039
10 1928
12 1516
5 2138
3 1878
7 2179
6 2005
4 1575
2 1730
12 1747
9 1801
1 1714
13 1657
13 1568
11 1892
15 1584
14 1766
4 1568
1 2110
13 1846
6 2172
4 1922
5 2105
5 1673
9 2176
1 1614
13 1719
2 1530
13 2022
6 1842
5 1876
11 1629
7 2116
3 2038
3 1501
10 1600
2 2032
13 1557
3 1888
10 2191
1 1840
5 1519
14 1754
15 1816
12 1537
5 2159
12 2036
11 1885
7 2132
4 1525
3 1953
1 2180
12 1822
15 2012
8 1512
13 2059
3 1870
13 1790
15 1831
2 2105
11 1760
4 1704
3 2196
13 2186
1 1886
3 1967
12 1914
2 1568
8 1971
6 1603
9 1660
8 1699
10 1715
3 1711
5 2007
7 1515
5 1997
8 1831
12 2050
5 2100
1 1755
5 1671
4 2148
6 1997
3 1970
15 1883
11 2189
5 2088
2 2199
11 2006
6 2026
13 1824
15 1713
12 1707
6 1668
5 1829
6 1779
11 1804
7 1645
12 2015
5 1589
1 1952
8 1559
4 1810
9 2027
14 1726
10 1973
12 2040
6 2162
1 1578
3 1932
3 1652
10 1900
12 1778
12 1556
4 1685
6 1897
15 2104
7 1657
10 2192
4 1858
6 1939
11 2088
1 1965
14 2162
8 1945
7 1987
15 2029
11 1572
11 2200
9 1516
3 2030
2 1825
1 2131
3 2112
5 2045
14 2095
11 1701
2 1843
12 2022
3 1899
15 1717
15 1944
15 1721
4 1882
7 2091
13 1506
3 1771
15 1515
9 1923
8 2023
4 1520
13 2189
1 1727
1 1787
1 1633
1 1782
8 1903
3 2164
15 1565
6 2148
3 2103
11 1936
5 1758
13 1602
15 2066
14 1600
13 1697
15 1725
7 1962
2 1736
6 1525
13 1620
6 2005
11 1681
3 2133
6 2042
10 1814
10 2117
14 1772
5 1731
12 1919
2 1941
9 1995
8 1523
3 1608
8 2001
14 1524
9 1686
14 1787
15 2127
3 1837
3 1536
2 1636
8 2007
10 1726
1 1819
8 1681
7 1585
14 1966
7 1552
3 1734
1 1932
4 1995
9 1599
5 2098
1 1902
15 1895
5 2026
13 1914
8 2112
8 2176
5 1962
12 2040
9 2125
15 2118
1 1863
4 1629
3 1583
2 1770
15 1743
8 1887
7 1713
9 1665
2 1558
14 2101
14 2003
4 1622
14 2147
15 1912
6 1638
11 1728
3 1773
8 1938
3 2061
14 1617
12 1982
13 1894
13 1959
2 2192
13 1577
13 1911
3 1574
11 1794
6 1520
2 1670
8 1514
1 1710
7 2059
2 1585
10 1648
12 2199
6 1871
12 1979
2 1650
2 1640
10 1568
13 1759
8 2020
15 2132
15 1870
12 1918
2 1600
7 2160
3 2157
8 1742
7 2011
14 2054
8 1594
14 1725
7 2017
11 1713
6 1566
13 1895
7 2111
5 1511
7 1736
1 1898
1 1906
9 1979
14 2146
5 1721
13 1655
5 2153
3 1927
5 1657
3 1915
9 1825
9 1870
6 1843
15 1761
1 1782
7 1728
7 1779
14 1789
10 2179
10 1546
4 1713
8 1523
6 1820
4 1773
4 2055
2 1812
14 1862
2 2167
12 1879
14 2173
4 1969
5 2174
8 1615
15 2104
6 1541
14 1878
15 1705
4 1965
13 1779
11 2147
7 2117
8 1617
2 1736
12 1808
7 1955
15 1974
14 1599
2 1760
2 1804
8 1853
2 1785
15 1827
11 1602
9 1562
12 2186
1 1781
15 1940
9 1792
15 1506
1 2138
10 1591
13 1689
10 1975
2 2010
6 1961
6 1552
1 1985
7 2143
8 1989
2 1863
8 1611
9 1908
6 1506
5 2167
12 1696
9 1866
13 1749
12 2094
11 1739
9 1879
1 1970
11 2200
3 1954
9 1865
11 1789
2 1902
12 1557
4 2020
4 1803
2 1614
15 1709
3 1540
13 1672
3 1733
1 2089
6 2119
8 1902
12 1538
3 1618
5 1834
1 1835
10 2038
7 2115
10 1573
13 1690
1 1823
12 1646
11 1783
9 1712
8 2134
7 1893
10 1838
15 1521
7 1604
5 1965
5 1958
11 1931
13 2118
5 1720
1 1878
8 1721
12 1757
11 1866
1 1848
4 1724
15 1735
9 1682
14 1943
9 2122
5 1505
4 1735
3 1626
3 1603
12 1979
5 1654
10 1756
1 1734
5 1999
6 1788
7 2009
12 2051
9 2068
3 1797